A 1309 1103 0.006470
B 1198 104 0.054262
C 377 1475 0.807764
D 128 877 0.871822
E 419 692 0.579394
F 1124 764 0.870846
G 688 565 0.425001
H 539 923 0.613208
I 1204 1463 0.130894
J 43 593 0.485458
K 1436 1181 0.821558
L 388 65 0.907224
M 1339 503 0.758690
N 193 970 0.263192
O 464 680 0.573321
P 1067 439 0.984161
Q 541 805 0.691458
R 1097 1337 0.493484
S 1331 1229 0.856624
T 1130 353 0.886593
U 698 113 0.591449
V 943 326 0.844325
W 833 559 0.302530
X 1118 176 0.026521
Y 319 41 0.640339
Z 397 1124 0.670431
AA 1478 1010 0.806421
AB 362 1412 0.955260
AC 281 334 0.877041
AD 1238 107 0.518509
AE 1352 595 0.011078
AF 923 1441 0.939726
AG 1061 371 0.756035
AH 236 187 0.673421
AI 871 491 0.682760
AJ 1291 29 0.439741
AK 1249 1346 0.395459
AL 338 1246 0.089206
AM 119 310 0.698141
AN 1472 995 0.078829
AO 877 586 0.483108
AP 478 1118 0.548814
AQ 1021 322 0.861782
AR 493 662 0.203375
AS 298 1057 0.309641
AT 943 599 0.395642
AU 593 1138 0.272073
AV 1228 77 0.623035
AW 457 646 0.897214
AX 46 359 0.681570
AY 1199 622 0.455092
AZ 241 191 0.626789
BA 1073 437 0.692801
BB 1018 1324 0.074435
BC 250 263 0.984313
BD 1435 286 0.868130
BE 598 1373 0.794671
BF 866 1295 0.369243
BG 314 1145 0.805933
BH 760 271 0.213080
BI 1160 323 0.180731
BJ 164 1091 0.946501
BK 577 598 0.987640
BL 1157 430 0.144780
BM 227 568 0.907651
BN 196 941 0.021424
BO 985 1148 0.110111
BP 386 311 0.818690
BQ 328 451 0.749290
BR 1306 1495 0.028535
BS 394 1100 0.019898
BT 1481 1475 0.361492
BU 452 142 0.243660
BV 1064 1027 0.983886
BW 967 1232 0.162267
BX 1372 776 0.508530
BY 610 370 0.616535
BZ 623 847 0.170080
CA 266 589 0.212806
CB 43 1259 0.172338
CC 442 1159 0.550737
CD 1325 514 0.987579
CE 58 860 0.226875
CF 530 505 0.036744
CG 304 946 0.270211
CH 487 1183 0.314920
CI 611 109 0.025147
CJ 1061 880 0.770226
CK 955 626 0.907010
CL 941 962 0.223273
CM 707 478 0.034333
CN 413 979 0.951964
CO 1372 1297 0.620167
CP 1184 1246 0.387890
CQ 155 824 0.301675
CR 458 608 0.304636
CS 56 902 0.435621
CT 872 601 0.040498
CU 1117 926 0.902097
CV 809 592 0.327738
CW 967 824 0.275369
CX 1327 218 0.806726
CY 335 526 0.456526
CZ 326 1052 0.924741
DA 1084 887 0.144719
DB 503 569 0.271737
DC 986 902 0.980682
DD 407 467 0.118290
DE 46 1 0.946715
DF 830 896 0.618549
DG 481 1406 0.782006
DH 1039 1417 0.447279
DI 806 1120 0.892117
DJ 760 431 0.181768
DK 343 694 0.624897
DL 928 1099 0.138737
DM 478 389 0.973937
DN 1151 673 0.261788
DO 1450 1211 0.881893
DP 311 146 0.649586
DQ 1378 893 0.475143
DR 1231 653 0.041871
DS 134 40 0.889889
DT 1468 154 0.670583
DU 230 410 0.978240
DV 707 1138 0.952910
DW 1216 1402 0.230384
DX 1178 874 0.187506
DY 1075 761 0.845668
DZ 572 497 0.328990
EA 197 200 0.152135
EB 484 814 0.692282
EC 1379 499 0.639515
ED 244 940 0.697897
EE 880 337 0.855403
EF 1417 1109 0.138432
EG 1246 410 0.449721
EH 511 551 0.549944
EI 371 1408 0.855739
EJ 817 407 0.734611
EK 269 1462 0.598743
EL 746 1298 0.929197
EM 1342 1478 0.147313
EN 1349 670 0.169225
EO 688 178 0.692495
EP 292 101 0.690695
EQ 28 1420 0.383251
ER 1352 92 0.361217
ES 430 1276 0.485275
ET 203 430 0.767388
EU 257 1111 0.792535
EV 1295 5 0.329173
EW 677 1063 0.528153
EX 1315 646 0.290597
EY 158 1102 0.052004
EZ 1058 1024 0.274056
FA 257 533 0.069185
FB 1147 1303 0.907865
FC 194 631 0.832087
FD 1231 611 0.468001
FE 332 61 0.174535
FF 1075 1016 0.141514
FG 1237 383 0.235115
FH 167 722 0.043855
FI 1372 458 0.538743
FJ 448 820 0.132481
FK 575 908 0.845149
FL 371 755 0.278756
FM 88 980 0.953337
FN 730 373 0.612140
FO 406 217 0.607562
FP 1385 1078 0.465560
FQ 49 1370 0.902524
FR 254 1081 0.446577
FS 571 664 0.257759
FT 1057 1370 0.965941
FU 698 364 0.254433
FV 1184 650 0.597095
FW 922 770 0.517319
FX 746 14 0.538865
FY 941 1219 0.516923
FZ 1075 20 0.840205
GA 1138 10 0.776391
GB 881 1261 0.538285
GC 185 782 0.626331
GD 92 616 0.091250
GE 1330 331 0.481368
GF 889 278 0.073611
GG 613 680 0.738517
GH 197 413 0.675344
GI 140 1426 0.946379
GJ 326 1444 0.726890
GK 47 397 0.990478
GL 1273 1138 0.389019
GM 242 482 0.806970
GN 1490 1376 0.920347
GO 1306 596 0.701285
GP 64 1379 0.697226
GQ 778 77 0.835719
GR 1306 293 0.528062
GS 428 196 0.981475
GT 463 680 0.908292
GU 107 689 0.337474
GV 496 1372 0.825617
GW 544 97 0.219031
GX 971 1445 0.671377
GY 196 784 0.843593
GZ 653 1058 0.371319
HA 1316 992 0.411664
HB 662 760 0.639973
HC 1070 1324 0.323710
HD 887 904 0.912717
HE 1495 431 0.812769
HF 1090 382 0.645070
HG 503 1234 0.633961
HH 845 709 0.912442
HI 517 1495 0.861232
HJ 620 335 0.221961
HK 433 1432 0.419965
HL 1450 410 0.786828
HM 311 275 0.862880
HN 406 697 0.834223
HO 1015 17 0.194067
HP 433 1330 0.451277
HQ 569 547 0.392743
HR 1228 740 0.638600
HS 1100 542 0.804926
HT 1069 397 0.265786
HU 485 1451 0.886715
HV 1265 1466 0.134953
HW 107 1349 0.018220
HX 1354 406 0.974944
HY 565 1382 0.391308
HZ 632 22 0.544603
IA 1177 1228 0.428022
IB 644 1496 0.735405
IC 1171 617 0.940733
ID 1411 1264 0.260598
IE 1358 785 0.416242
IF 235 1462 0.825556
IG 455 1453 0.529160
IH 923 10 0.214576
II 403 251 0.380383
IJ 1426 863 0.129887
IK 172 1390 0.147923
IL 115 925 0.503006
IM 1378 619 0.947050
IN 265 725 0.993286
IO 647 667 0.855647
IP 884 473 0.117008
IQ 1439 505 0.390912
IR 305 487 0.537431
IS 313 302 0.350230
IT 401 322 0.119572
IU 289 259 0.977355
IV 124 112 0.034425
IW 265 619 0.011994
IX 316 953 0.113620
IY 583 959 0.447523
IZ 895 67 0.430616
JA 265 275 0.885739
JB 464 1058 0.344920
JC 1144 848 0.365154
JD 838 1115 0.614277
JE 965 998 0.571306
JF 1024 848 0.283517
JG 1204 131 0.543016
JH 916 1460 0.521836
JI 1087 665 0.491073
JJ 1129 535 0.027467
JK 959 1469 0.268441
JL 1351 890 0.675039
JM 1090 964 0.503159
JN 1175 727 0.372448
JO 836 262 0.546373
JP 346 1 0.243934
JQ 451 514 0.328837
JR 911 235 0.891324
JS 1397 925 0.078677
JT 122 26 0.228889
JU 1037 796 0.763634
JV 728 1454 0.867000
JW 52 1393 0.198737
JX 155 421 0.855495
JY 980 91 0.139805
JZ 1015 317 0.422834
KA 191 1166 0.479507
KB 1378 1021 0.775994
KC 827 94 0.010102
KD 337 1151 0.693777
KE 454 764 0.234535
KF 946 625 0.171300
KG 596 970 0.520432
KH 767 347 0.382488
KI 1081 361 0.630146
KJ 598 181 0.347240
KK 920 880 0.441115
KL 497 47 0.543748
KM 814 85 0.627583
KN 821 1195 0.918088
KO 700 575 0.324992
KP 1072 280 0.941496
KQ 910 65 0.474197
KR 760 793 0.172521
KS 629 1229 0.761162
KT 49 31 0.821375
KU 524 265 0.962157
KV 313 1340 0.714560
KW 1409 290 0.193121
KX 481 218 0.443525
KY 659 770 0.173193
KZ 1355 365 0.973540
LA 1312 1207 0.270486
LB 920 443 0.218696
LC 1469 1478 0.929106
LD 424 1199 0.677236
LE 917 179 0.202063
LF 659 1343 0.791559
LG 917 1072 0.665151
LH 127 971 0.881649
LI 121 1291 0.080172
LJ 797 808 0.914945
LK 905 484 0.946959
LL 574 727 0.650807
LM 835 1145 0.644063
LN 221 1456 0.459334
LO 1415 298 0.348064
LP 622 1045 0.981170
LQ 47 43 0.451674
LR 1273 1067 0.400250
LS 1468 1366 0.907956
LT 155 86 0.063478
LU 971 287 0.928556
LV 583 341 0.128361
LW 835 616 0.888699
LX 1066 1051 0.476913
LY 848 1027 0.261879
LZ 691 205 0.925321
MA 656 452 0.049257
MB 17 1366 0.407697
MC 370 502 0.609699
MD 1015 109 0.949492
ME 1369 50 0.156072
MF 1153 71 0.487625
MG 1423 607 0.592792
MH 1088 1160 0.575274
MI 1120 1036 0.948912
MJ 1172 961 0.345256
MK 1484 1061 0.538743
ML 1447 929 0.429579
MM 1420 1079 0.280099
MN 1256 1415 0.463546
MO 1288 1052 0.446577
MP 284 1099 0.969237
MQ 1469 884 0.646992
MR 460 685 0.438154
MS 76 562 0.141087
MT 215 725 0.943388
MU 913 32 0.835108
MV 503 35 0.229621
MW 1285 337 0.585192
MX 493 1096 0.584216
MY 1213 1250 0.891781
MZ 287 1481 0.503800
NA 1457 499 0.819025
NB 1087 889 0.870113
NC 869 1180 0.148412
ND 1238 538 0.653401
NE 848 917 0.495346
NF 14 512 0.704550
NG 955 1363 0.510636
NH 983 173 0.595569
NI 862 536 0.478713
NJ 1150 1310 0.355174
NK 1043 622 0.734153
NL 466 622 0.937986
NM 148 532 0.478347
NN 283 272 0.996002
NO 116 583 0.906400
NP 337 412 0.608295
NQ 434 634 0.182714
NR 884 731 0.697043
NS 466 455 0.851558
NT 707 841 0.539995
NU 536 904 0.864925
NV 739 991 0.705069
NW 214 1475 0.678243
NX 667 1075 0.508683
NY 520 887 0.927396
NZ 883 122 0.358806
OA 799 106 0.188665
OB 1046 320 0.712607
OC 1094 332 0.355022
OD 164 425 0.483077
OE 83 949 0.367779
OF 568 1039 0.190832
OG 656 356 0.545061
OH 1361 913 0.604907
OI 256 386 0.671133
OJ 892 703 0.673421
OK 52 40 0.482772
OL 601 82 0.835627
OM 482 431 0.330393
ON 763 1363 0.956664
OO 857 1343 0.731529
OP 1016 1049 0.762932
OQ 116 1358 0.395428
OR 194 74 0.397565
OS 1435 847 0.206153
OT 223 1339 0.196448
OU 1460 983 0.731010
OV 1226 1115 0.621387
OW 119 448 0.198248
OX 61 1228 0.110294
OY 430 785 0.687735
OZ 380 1120 0.035493
PA 857 350 0.622059
PB 878 808 0.627033
PC 1243 1309 0.665365
PD 737 781 0.243995
PE 1216 395 0.949919
PF 748 788 0.386029
PG 602 26 0.287454
PH 1396 148 0.956145
PI 410 737 0.805902
PJ 212 1393 0.140568
PK 694 871 0.406140
PL 529 677 0.482803
PM 1426 916 0.686483
PN 74 427 0.927274
PO 350 577 0.655751
PP 854 145 0.414655
PQ 860 1166 0.776666
PR 998 326 0.651234
PS 1234 1327 0.773949
PT 89 1406 0.575671
PU 1423 1169 0.330790
PV 181 226 0.431288
PW 325 556 0.409192
PX 143 671 0.845668
PY 554 799 0.586596
PZ 437 523 0.548479
QA 1036 1385 0.633412
QB 1096 46 0.945830
QC 793 1415 0.680837
QD 419 1268 0.341990
QE 148 773 0.878353
QF 1423 812 0.780969
QG 256 475 0.536119
QH 583 167 0.896115
QI 1196 481 0.514451
QJ 1091 451 0.431959
QK 1204 1112 0.186926
QL 1226 34 0.861721
QM 1274 922 0.791345
QN 1219 106 0.392621
QO 842 1289 0.513749
QP 578 782 0.256630
QQ 851 862 0.358104
QR 232 1081 0.144047
QS 1064 1339 0.854366
QT 1328 571 0.587939
QU 1271 515 0.082522
QV 1451 385 0.661061
QW 694 443 0.460738
QX 571 214 0.140477
QY 1192 115 0.387860
QZ 1373 628 0.943602
RA 832 518 0.270455
RB 757 521 0.775048
RC 220 1370 0.825983
RD 76 995 0.167730
RE 256 964 0.961150
RF 580 188 0.080111
RG 871 935 0.105564
RH 964 791 0.549120
RI 607 941 0.757103
RJ 1333 827 0.220893
RK 914 1091 0.294168
RL 442 14 0.513352
RM 1216 1493 0.956511
RN 1351 737 0.329325
RO 100 1174 0.412702
RP 1286 194 0.266640
RQ 533 520 0.648000
RR 625 1148 0.778802
RS 917 584 0.141484
RT 1174 470 0.360698
RU 626 751 0.585742
RV 1322 83 0.187445
RW 698 415 0.856258
RX 1067 89 0.345317
RY 773 734 0.691031
RZ 230 155 0.493881
SA 298 130 0.712943
SB 65 790 0.102756
SC 295 547 0.150029
SD 649 1114 0.948576
SE 1376 1055 0.000031
SF 56 1115 0.957640
SG 799 652 0.575610
SH 1052 1180 0.365215
SI 1264 728 0.477584
SJ 856 1409 0.155522
SK 1306 1291 0.202643
SL 1465 1295 0.475723
SM 271 1220 0.920682
SN 640 1096 0.805048
SO 808 997 0.585070
SP 1027 902 0.732200
SQ 1292 923 0.587329
SR 448 706 0.876003
SS 547 1147 0.763756
ST 1349 128 0.400159
SU 662 269 0.828639
SV 949 1424 0.348399
SW 392 1352 0.373852
SX 1298 592 0.286386
SY 202 1424 0.560320
SZ 829 1445 0.105228
TA 1213 1066 0.660268
TB 319 880 0.945524
TC 1459 310 0.814447
TD 1151 1003 0.663442
TE 1 473 0.870083
TF 317 512 0.708365
TG 1316 164 0.089694
TH 836 758 0.336283
TI 385 289 0.990753
TJ 34 337 0.377026
TK 191 1496 0.719687
TL 59 1069 0.921262
TM 593 1280 0.302683
TN 311 724 0.929167
TO 1379 875 0.977081
TP 752 568 0.507065
TQ 298 871 0.715140
TR 1031 746 0.075869
TS 529 17 0.133152
TT 806 1271 0.493637
TU 893 502 0.353893
TV 964 269 0.017182
TW 1148 724 0.191168
TX 253 56 0.418500
TY 575 1060 0.369762
TZ 11 310 0.238197
UA 1135 889 0.512009
UB 1040 626 0.683798
UC 323 754 0.436537
UD 988 1147 0.690023
UE 1003 1367 0.051485
UF 857 380 0.777367
UG 1486 1360 0.907071
UH 763 698 0.199438
UI 697 874 0.427656
UJ 736 689 0.081606
UK 941 832 0.096316
UL 1327 757 0.450819
UM 979 785 0.536790
UN 358 1226 0.864254
UO 50 1207 0.660360
UP 1343 250 0.383618
UQ 925 982 0.937071
UR 533 1150 0.544145
US 1078 1024 0.539323
UT 320 1351 0.350352
UU 149 25 0.718680
UV 992 857 0.826594
UW 146 16 0.433943
UX 1376 149 0.877407
UY 1480 1000 0.078738
UZ 479 982 0.801202
VA 910 629 0.284097
VB 1351 919 0.373547
VC 614 268 0.320322
VD 1382 1267 0.596667
VE 955 484 0.717704
VF 134 1390 0.629353
VG 146 41 0.493851
VH 502 1138 0.685720
VI 662 1016 0.939329
VJ 1027 1421 0.451247
VK 715 761 0.399945
VL 838 1004 0.434400
VM 896 935 0.027009
VN 1115 1424 0.274300
VO 1208 124 0.172277
VP 254 1369 0.989227
VQ 691 536 0.105869
VR 1387 212 0.096988
VS 593 218 0.159429
VT 1172 514 0.095584
VU 661 167 0.367656
VV 1310 308 0.582385
VW 205 1490 0.323893
VX 110 1127 0.942320
VY 1018 304 0.404370
VZ 565 1429 0.668630
WA 1220 200 0.877987
WB 902 553 0.624592
WC 745 367 0.825617
WD 1025 862 0.533341
WE 685 580 0.374340
WF 1051 613 0.320231
WG 1351 662 0.627369
WH 433 319 0.255043
WI 1132 140 0.970611
WJ 7 427 0.772515
WK 965 1402 0.281838
WL 590 331 0.015748
WM 520 1435 0.086367
WN 1004 1360 0.173193
WO 452 1493 0.016724
WP 442 1046 0.188055
WQ 1282 314 0.171789
WR 650 283 0.040040
WS 1168 428 0.252297
WT 1354 1232 0.151189
WU 281 1171 0.805902
WV 209 1481 0.181860
WW 1291 1267 0.666097
WX 713 491 0.178869
WY 1385 1415 0.844111
WZ 1036 1475 0.345500
XA 103 218 0.852626
XB 1183 527 0.243538
XC 1043 851 0.833033
XD 947 932 0.637959
XE 425 1099 0.048036
XF 770 1148 0.079989
XG 548 1250 0.411725
XH 1372 265 0.317820
XI 5 751 0.887936
XJ 710 1336 0.353069
XK 1051 713 0.918149
XL 746 701 0.049532
XM 607 983 0.666646
XN 503 415 0.271889
XO 1402 1051 0.919126
XP 206 814 0.214362
XQ 101 775 0.067873
XR 958 889 0.495804
XS 956 716 0.883145
XT 1048 1355 0.371624
XU 673 1487 0.834529
XV 808 773 0.674612
XW 520 1310 0.714469
XX 1280 521 0.464125
XY 1357 1352 0.346385
XZ 422 4 0.467635
YA 784 1012 0.367290
YB 1393 320 0.861568
YC 137 611 0.575488
YD 1369 1219 0.384716
YE 1384 1340 0.258522
YF 1352 658 0.835475
YG 1438 437 0.386425
YH 832 1363 0.293619
YI 836 1285 0.698569
YJ 887 58 0.559557
YK 1255 493 0.651723
YL 1246 1025 0.936827
YM 1397 137 0.057985
YN 587 185 0.229255
YO 1010 518 0.149937
YP 587 1270 0.302133
YQ 1364 595 0.889615
YR 620 901 0.394116
YS 971 886 0.716117
YT 1442 1171 0.190344
YU 1438 719 0.724204
YV 1166 85 0.096805
YW 1292 599 0.612659
YX 1396 1373 0.824122
YY 1351 1375 0.758843
YZ 461 1097 0.912564
ZA 212 1058 0.589709
ZB 130 883 0.841334
ZC 97 892 0.156621
ZD 422 1057 0.482742
ZE 380 896 0.603931
ZF 383 1063 0.517289
ZG 772 344 0.176519
ZH 974 91 0.636372
ZI 1417 1415 0.663930
ZJ 8 847 0.558977
ZK 1082 773 0.851711
ZL 935 988 0.693106
ZM 1354 79 0.771661
ZN 1394 1171 0.315378
ZO 472 1099 0.435926
ZP 950 811 0.041810
ZQ 472 719 0.428022
ZR 1151 749 0.747581
ZS 947 988 0.336039
ZT 1189 650 0.588183
ZU 472 7 0.671987
ZV 128 917 0.002350
ZW 448 118 0.749443
ZX 1105 673 0.165288
ZY 1136 1112 0.121281
ZZ 478 1025 0.933103
AAA 712 1136 0.725486
AAB 173 439 0.500656
AAC 181 391 0.984283
AAD 1265 1340 0.411573
AAE 478 340 0.869533
AAF 304 373 0.833888
AAG 4 1372 0.510605
AAH 919 124 0.774865
AAI 1249 1172 0.408216
AAJ 920 464 0.778344
AAK 938 937 0.850856
AAL 1468 1132 0.250099
AAM 1339 451 0.834925
AAN 1148 268 0.520768
AAO 1219 473 0.792535
AAP 325 1153 0.702414
AAQ 889 613 0.853816
AAR 47 583 0.952391
AAS 905 883 0.341990
AAT 568 358 0.547868
AAU 766 797 0.841762
AAV 1181 454 0.825709
AAW 679 371 0.620869
AAX 1390 1484 0.177099
AAY 1034 203 0.546464
AAZ 680 424 0.530107
ABA 277 775 0.045564
ABB 316 625 0.731834
ABC 164 914 0.239540
ABD 161 542 0.580554
ABE 932 511 0.258858
ABF 620 592 0.578936
ABG 113 611 0.043764
ABH 119 758 0.412915
ABI 1388 1004 0.782067
ABJ 160 1244 0.325358
ABK 953 541 0.652425
ABL 767 272 0.579638
ABM 275 1346 0.856685
ABN 964 920 0.718131
ABO 520 1384 0.160344
ABP 376 1154 0.939512
ABQ 1448 1325 0.444319
ABR 1021 835 0.272317
ABS 1414 314 0.225043
ABT 247 1172 0.935362
ABU 1030 185 0.853572
ABV 1060 433 0.971953
ABW 217 1078 0.276345
ABX 514 592 0.553484
ABY 778 161 0.962432
ABZ 776 1276 0.886319
ACA 28 1123 0.993896
ACB 1463 209 0.058412
ACC 533 197 0.505387
ACD 98 217 0.046419
ACE 410 196 0.770959
ACF 911 263 0.096683
ACG 1477 1214 0.393536
ACH 59 490 0.424879
ACI 908 8 0.383160
ACJ 536 392 0.263680
ACK 853 187 0.536790
ACL 37 1 0.362987
ACM 683 1270 0.581225
ACN 1306 1462 0.726981
ACO 509 470 0.136692
ACP 227 487 0.288858
ACQ 821 1337 0.826075
ACR 1417 1454 0.000183
ACS 308 1006 0.918760
ACT 1057 22 0.070284
ACU 1414 1226 0.885495
ACV 143 1421 0.461074
ACW 1106 145 0.272774
ACX 208 895 0.846370
ACY 206 1000 0.510758
ACZ 23 851 0.707022
ADA 935 361 0.770684
ADB 389 761 0.680868
ADC 1391 1349 0.912046
ADD 305 1400 0.342845
ADE 826 712 0.029206
ADF 1456 1178 0.882229
ADG 1447 865 0.251473
ADH 703 68 0.293466
ADI 286 193 0.387982
ADJ 268 1304 0.332835
ADK 637 149 0.872616
ADL 788 154 0.236030
ADM 1304 1397 0.369915
ADN 931 7 0.672079
ADO 112 664 0.484725
ADP 898 1168 0.244728
ADQ 1376 497 0.394269
ADR 1172 1318 0.676656
ADS 733 853 0.021149
ADT 983 704 0.242317
ADU 1313 698 0.710044
ADV 1192 170 0.681661
ADW 1268 142 0.390210
ADX 503 586 0.352153
ADY 631 328 0.018769
ADZ 277 500 0.386822
AEA 895 760 0.837275
AEB 1183 1100 0.744224
AEC 127 154 0.755943
AED 1009 1427 0.890927
AEE 874 925 0.137059
AEF 668 850 0.068972
AEG 71 758 0.498672
AEH 988 1084 0.298654
AEI 203 1429 0.334849
AEJ 454 1232 0.073153
AEK 79 661 0.469863
AEL 1010 413 0.743400
AEM 1102 551 0.254891
AEN 989 977 0.490555
AEO 394 421 0.606311
AEP 1319 1229 0.169866
AEQ 79 1108 0.495712
AER 1127 1273 0.802362
AES 764 77 0.160009
AET 470 269 0.720267
AEU 895 491 0.129887
AEV 551 280 0.959960
AEW 1340 605 0.301798
AEX 20 475 0.067476
AEY 1027 116 0.828181
AEZ 508 476 0.664815
AFA 1436 1231 0.695181
AFB 136 692 0.539689
AFC 1219 251 0.625843
AFD 953 245 0.298349
AFE 1169 847 0.510117
AFF 350 446 0.379345
AFG 344 620 0.050569
AFH 712 1210 0.096286
AFI 550 596 0.844661
AFJ 1372 805 0.980987
AFK 1193 1289 0.830348
AFL 598 1135 0.660634
AFM 668 742 0.023591
AFN 470 319 0.451003
AFO 1247 283 0.900021
AFP 443 1349 0.403333
AFQ 887 514 0.743095
AFR 1310 1031 0.333811
AFS 406 1406 0.925810
AFT 1241 692 0.015625
AFU 604 88 0.529252
AFV 374 149 0.847377
AFW 826 190 0.065767
AFX 394 334 0.556108
AFY 1429 337 0.480422
AFZ 34 1421 0.472488
AGA 1457 1042 0.185614
AGB 827 1289 0.251869
AGC 1175 1231 0.761040
AGD 421 422 0.239357
AGE 644 1091 0.248085
AGF 145 154 0.606464
AGG 97 184 0.816492
AGH 722 1151 0.555071
AGI 776 13 0.095187
AGJ 1028 1321 0.907895
AGK 449 1399 0.777245
AGL 136 232 0.915799
AGM 1295 1454 0.341594
AGN 745 154 0.730949
AGO 1394 94 0.021119
AGP 865 487 0.347697
AGQ 1396 293 0.598102
AGR 257 325 0.527573
AGS 208 85 0.362865
AGT 490 1060 0.919950
AGU 34 698 0.744011
AGV 515 740 0.898587
AGW 1429 953 0.838893
AGX 895 1030 0.173742
AGY 10 742 0.467055
AGZ 1255 1037 0.640919
AHA 1217 658 0.556993
AHB 791 44 0.811335
AHC 167 529 0.789636
AHD 110 430 0.164068
AHE 455 832 0.578875
AHF 1444 701 0.488083
AHG 143 56 0.800134
AHH 586 179 0.369335
AHI 259 1196 0.304941
AHJ 1496 46 0.052400
AHK 1228 619 0.308084
AHL 107 301 0.585650
AHM 80 809 0.329569
AHN 1316 745 0.076174
AHO 1130 1007 0.641865
AHP 211 812 0.656056
AHQ 893 1229 0.235908
AHR 1495 448 0.020325
AHS 1399 1031 0.307749
AHT 358 872 0.767998
AHU 1193 97 0.298837
AHV 914 646 0.878567
AHW 832 875 0.729209
AHX 1073 1106 0.121738
AHY 68 1162 0.565020
AHZ 400 1373 0.643666
AIA 1234 1424 0.784539
AIB 860 1088 0.030305
AIC 550 995 0.278512
AID 1069 1151 0.439741
AIE 247 260 0.362774
AIF 658 536 0.544908
AIG 782 1352 0.120853
AIH 977 1369 0.664052
AII 956 73 0.655263
AIJ 601 1348 0.199255
AIK 412 508 0.234443
AIL 995 1099 0.982635
AIM 877 20 0.402844
AIN 20 1388 0.967315
AIO 473 1126 0.497757
AIP 1222 1444 0.522965
AIQ 772 1210 0.816431
AIR 220 365 0.026887
AIS 1145 1237 0.021302
AIT 59 1069 0.107700
AIU 265 212 0.390484
AIV 121 1180 0.424482
AIW 523 1381 0.333140
AIX 875 1307 0.873409
AIY 64 1283 0.327708
AIZ 1231 689 0.233619
AJA 655 1085 0.222388
AJB 526 391 0.117252
AJC 148 566 0.793695
AJD 502 326 0.301309
AJE 227 649 0.709891
AJF 488 697 0.716697
AJG 778 182 0.720603
AJH 230 410 0.176244
AJI 880 184 0.114414
AJJ 154 845 0.964537
AJK 1492 517 0.378338
AJL 1108 1085 0.312265
AJM 941 646 0.683554
AJN 1421 296 0.164098
AJO 1012 1042 0.431990
AJP 1099 1405 0.140904
AJQ 949 683 0.757500
AJR 293 152 0.827967
AJS 119 1114 0.704459
AJT 1348 164 0.107028
AJU 692 551 0.934965
AJV 806 694 0.823634
AJW 995 293 0.362774
AJX 706 1331 0.260994
AJY 1181 577 0.209845
AJZ 407 1162 0.310495
AKA 592 1298 0.747185
AKB 254 995 0.501022
AKC 1256 1457 0.547258
AKD 268 350 0.811640
AKE 1361 1262 0.561357
AKF 497 421 0.060152
AKG 1268 721 0.867763
AKH 563 82 0.263741
AKI 1075 587 0.642903
AKJ 1028 635 0.330668
AKK 1211 934 0.908567
AKL 1390 746 0.389721
AKM 406 1160 0.032411
AKN 1027 809 0.620319
AKO 1459 92 0.930387
AKP 392 698 0.237098
AKQ 1499 344 0.560411
AKR 1091 236 0.934019
AKS 892 1118 0.738975
AKT 1117 929 0.226264
AKU 955 820 0.670370
AKV 91 1156 0.374523
AKW 88 1358 0.989502
AKX 1415 347 0.552141
AKY 820 1103 0.696921
AKZ 625 671 0.256142
ALA 796 914 0.243171
ALB 203 1346 0.283242
ALC 1117 163 0.317942
ALD 248 1219 0.525040
ALE 595 1015 0.744499
ALF 1435 1421 0.001709
ALG 1213 224 0.399121
ALH 1441 1292 0.579760
ALI 1067 1015 0.387738
ALJ 407 638 0.327982
ALK 620 1183 0.949889
ALL 544 463 0.086245
