A 97 79 0.304178
B 100 116 0.893063
C 20 8 0.603320
D 53 124 0.426649
E 62 127 0.800592
F 25 136 0.188849
G 89 92 0.329600
H 40 49 0.018677
I 101 130 0.405744
J 115 41 0.117527
K 85 134 0.367779
L 104 136 0.292306
M 97 53 0.355052
N 4 131 0.240730
O 52 62 0.308725
P 49 38 0.425825
Q 2 20 0.788415
R 92 94 0.533189
S 133 73 0.018616
T 2 134 0.561815
U 148 31 0.050935
V 118 109 0.889950
W 61 149 0.069552
X 4 112 0.807642
Y 68 74 0.808100
Z 38 38 0.643361
AA 73 50 0.906339
AB 146 67 0.354778
AC 65 64 0.943937
AD 88 98 0.933592
AE 149 64 0.968474
AF 107 101 0.811365
AG 119 136 0.711478
AH 67 1 0.276254
AI 40 109 0.485946
AJ 112 145 0.341166
AK 124 65 0.103488
AL 49 14 0.171331
AM 32 38 0.167577
AN 97 20 0.703055
AO 1 62 0.913266
AP 91 101 0.096622
AQ 34 34 0.500748
AR 20 7 0.784478
AS 8 19 0.452803
AT 7 20 0.729728
AU 118 145 0.881039
AV 146 14 0.722983
AW 118 44 0.398724
AX 14 125 0.742485
AY 23 16 0.290872
AZ 35 68 0.209387
BA 44 56 0.733421
BB 80 115 0.011170
BC 32 83 0.745781
BD 113 25 0.066134
BE 83 85 0.250771
BF 119 50 0.586810
BG 13 61 0.226722
BH 136 83 0.695029
BI 140 2 0.595233
BJ 97 142 0.268441
BK 61 85 0.317911
BL 28 22 0.487686
BM 74 68 0.302530
BN 67 7 0.124302
BO 88 40 0.267861
BP 145 79 0.792749
BQ 82 133 0.811426
BR 14 59 0.803644
BS 59 35 0.693686
BT 119 110 0.533433
BU 56 8 0.914609
BV 146 38 0.983154
BW 23 38 0.646260
BX 142 1 0.069185
BY 122 16 0.618061
BZ 65 77 0.792535
CA 139 73 0.255593
CB 2 106 0.395337
CC 142 20 0.877285
CD 109 5 0.561541
CE 10 47 0.675192
CF 125 142 0.274209
CG 76 4 0.179083
CH 64 32 0.733787
CI 118 44 0.543535
CJ 82 14 0.391888
CK 98 146 0.438124
CL 148 16 0.289651
CM 58 38 0.682608
CN 59 109 0.133854
CO 124 55 0.176214
CP 86 53 0.523209
CQ 131 95 0.250771
CR 134 103 0.073702
CS 146 73 0.454146
CT 73 94 0.516160
CU 100 110 0.069918
CV 92 104 0.768395
