A     3     17    8.529713
B     17    4     0.754586
C     17    11    7.816469
D     17    7     2.512597
E     17    9     6.642834
F     4     8     0.384897
G     9     16    3.059015
H     3     15    4.407172
I     11    14    4.166579
J     15    19    2.643327
K     4     1     7.162351
L     11    5     9.437035
M     11    2     8.435922
N     5     18    3.971161
O     18    6     9.077379
P     3     10    9.118740
Q     3     20    7.734150
R     17    12    1.790535
S     2     13    5.953218
T     9     5     2.588076
U     17    16    5.834764
V     20    12    0.045371
W     6     2     7.189018
X     5     17    8.287293
Y     12    16    8.601291
Z     13    18    4.531925
AA    15    17    0.923756
AB    7     8     3.582393
AC    14    12    2.906615
AD    19    18    9.490843
AE    13    9     6.226196
AF    9     7     7.482995
AG    11    20    3.199331
AH    15    10    3.317880
AI    3     12    7.697405
AJ    20    9     3.433539
AK    18    2     4.182971
AL    18    12    3.407319
AM    1     5     1.543576
AN    3     19    6.253303
AO    15    16    4.837885
AP    1     20    0.451480
AQ    16    11    7.603447
AR    20    6     2.953186
AS    19    14    7.259673
AT    11    19    4.021533
AU    17    1     8.872596
AV    20    10    2.381815
AW    13    5     1.237365
AX    13    19    1.401852
AY    12    8     1.767421
AZ    3     7     3.424966
BA    8     2     6.414221
BB    10    19    8.759363
BC    17    2     2.247260
BD    14    15    5.636453
BE    8     3     9.362741
BF    12    19    5.341972
BG    14    1     0.298502